30
89383 30886 92777 36915 47793 38335 85386 60492 16649 41421 2362 90027 68690 20059 97763 13926 80540 83426 89172 55736 5211 95368 2567 56429 65782 21530 22862 65123 74067 3135
30
13929 79802 34022 23058 33069 98167 61393 18456 75011 78042 76229 77373 84421 44919 13784 98537 75198 94324 98315 64370 66413 3526 76091 68980 59956 41873 6862 99170 6996 97281
30
2305 20925 77084 36327 60336 26505 50846 21729 61313 25857 16124 53895 19582 545 98814 33367 15434 90364 44043 13750 71087 26808 17276 47178 95788 93584 5403 2651 92754 12399
30
99932 95060 49676 93368 47739 10012 36226 98586 48094 97539 40795 80570 51434 60378 97467 66601 10097 12902 73317 70492 26652 60756 97301 60280 24286 9441 53865 29689 28444 46619
30
58440 44729 58031 8117 38097 5771 34481 90675 20709 98927 4567 77856 79497 72353 54586 76965 55306 64683 6219 28624 51528 32871 5732 48829 9503 30019 58270 63368 59708 86715
30
26340 18149 47796 723 42618 2245 22846 93451 92921 43555 92379 97488 37764 88228 69841 92350 65193 41500 57034 87764 70124 24914 36987 75856 73743 46491 22227 48365 9859 81936
30
51432 52551 16437 99228 53275 75407 1474 76121 68858 94395 36029 61237 8235 73793 65818 94428 66143 31011 35928 39529 18776 22404 64443 55763 14613 54538 18606 36840 2904 44818
30
35128 70688 97369 67917 69917 66996 43324 87743 59470 12183 98490 95499 89772 6725 85644 55590 17505 68139 2954 69786 7669 38082 8542 88464 10197 39507 59355 28804 76348 78611
30
73622 27828 49299 87343 95746 35568 54340 55422 23311 13810 67605 21801 25661 73730 44878 11305 29320 78736 79444 48626 48522 3465 86708 73416 8282 13258 12924 67637 42062 5624
30
62600 32036 33452 11899 19379 45550 47468 90071 973 87131 3881 84930 8933 45894 58660 70163 57199 87981 48899 52996 52959 13773 72813 39668 87190 81095 52926 16466 65084 11340
30
22090 27684 43376 55542 55936 79107 17445 19756 69179 18418 6887 89412 3348 32172 51659 62009 2336 25210 66342 67587 78206 19301 97713 67372 75321 1255 64819 44599 17721 29904
30
55939 39811 73940 15667 11705 46228 11127 29150 65984 96658 63920 89224 2422 67269 21396 54081 45630 40084 79292 11972 7672 73850 47625 5385 41222 39299 6640 6042 83898 40713
30
52298 56190 80524 42590 88209 8581 88819 99336 37732 71155 95994 18004 60379 14769 85273 81776 68850 47255 21860 48142 75579 45884 21993 23205 67621 79567 62504 90613 1961 62754
30
31326 54259 18944 28202 13202 23506 36784 2021 22842 90868 89528 35189 8872 49908 49958 10498 48036 18808 57753 86248 83303 33333 32133 21648 72890 99754 17567 51746 90368 19529
30
14500 38046 73788 49797 66249 86990 73303 3033 5363 12497 10253 94892 47686 19125 61152 13996 45975 9188 49157 3729 95436 32460 53414 43921 70460 26304 60028 88027 78050 66748
30
7556 8902 4794 97697 58699 71043 1039 32002 90428 6403 44500 681 17647 8538 36159 95151 22535 82134 4339 71692 2215 16127 20504 55629 60049 90964 98285 36429 95343 76335
30
3177 2900 85238 7971 16949 60289 95367 17988 92292 85795 40743 53144 2829 58390 61682 55340 53541 569 53826 74232 72261 56042 90360 9117 28023 66761 81 26309 3190 95425
30
18996 6367 14677 4234 30690 31626 64524 26057 49614 73168 28205 90358 26312 47386 65100 4346 2726 34994 4916 56552 25578 93529 28946 32290 2647 56970 99051 19080 99631 18593
30
30857 18627 41312 61886 39214 88355 93512 20090 14412 59479 9610 58969 66189 52274 6355 47641 56620 25433 98987 77888 98338 24566 87770 27284 56856 90417 606 72260 25849 237
30
7205 73059 35217 48518 34945 90783 36873 28458 10873 67637 4289 20483 26607 70478 72757 49314 34471 45729 91100 33459 23618 89438 58025 11388 33074 31233 18157 33681 3493 60358
30
50270 10699 33417 1839 75569 68363 92622 28794 13173 19847 96431 17462 56682 39390 4292 45791 5057 55115 91521 96157 88574 31491 1947 62951 59231 35021 10537 93740 85054 14030
30
54098 35325 41081 87516 53516 33002 72231 46139 61796 85404 82338 74580 19218 39021 13970 39862 84812 35379 94977 92685 31536 99904 24176 33483 79207 99759 84857 89744 93499 69911
30
20127 63950 5236 77560 67818 75105 10563 40049 21244 88711 41805 19934 63291 77375 58955 93614 33589 43768 28993 44918 52805 76882 44822 76982 26717 24030 93093 11574 30126 86593
30
81486 50253 50543 3074 27814 34713 78179 38377 74762 15775 27088 32919 35710 6732 10294 11017 346 60235 71137 45691 5153 23943 22573 66328 925 49291 6710 94018 77217 36836
30
96963 75055 87090 63858 78130 14904 98571 72661 69633 89685 4789 13073 22604 56851 19805 49250 67868 36503 9485 39006 82195 14639 62949 21120 80967 80226 86763 87677 90596 63981
30
40865 87560 39036 27955 67770 33518 59211 66342 22532 45196 72379 27321 58270 94984 84172 94427 44234 52040 47283 70072 7398 45830 1063 70347 66950 82030 50573 53714 86059 57522
30
34047 26924 45082 89435 71232 29204 22954 30443 11898 45486 75640 84278 89159 50262 79262 89683 61041 39848 41723 8324 26272 49122 54154 27335 35821 37457 9365 2747 91171 11776
30
60269 25218 38701 21703 14653 9933 50907 53959 56728 62806 15797 48720 47084 21308 15334 42698 10991 76376 98898 52715 1052 25171 18189 71559 52506 54010 9016 78224 73109 16539
30
90000 33378 58109 45053 55081 89114 71338 5989 59426 28067 85147 75223 76787 32231 96532 92122 91281 23875 84850 90179 76590 2254 15350 11131 73813 67857 81494 99181 46081 54603
30
15720 52433 87982 90181 97487 59415 79296 68825 65404 38722 96892 50551 30297 90032 99134 43181 98506 90415 67057 99708 80595 59999 1962 12297 87483 75776 80154 68977 91309 42587
30
39932 23382 95021 44266 13563 8860 3682 9211 77685 69086 64285 90930 35990 94583 97314 51476 54116 95820 41892 37525 95528 38839 97525 97490 51136 1360 89618 47643 70337 80928
30
6582 26621 4310 17955 70888 34225 26815 74570 43437 20853 60008 7722 11783 12350 18657 9097 63827 89126 21269 22071 26651 33149 60910 40528 30639 28398 41888 36610 92393 28577
30
33890 98976 55199 54552 16931 26087 88777 60099 657 48566 80952 77017 72641 92735 89368 91298 18184 53195 96776 55805 75266 23428 88954 52528 80308 19593 97278 22197 72555 89672
30
50774 6445 5000 22325 60997 38283 48412 66127 98382 65421 14693 79334 42439 87334 88421 48159 94985 22957 1354 91761 78762 92972 31541 67716 61852 11850 3662 75482 50399 76217
30
65154 1173 99015 86506 39851 76364 24790 88263 42491 23172 70037 73537 18859 28828 60871 7280 76987 55856 46590 78341 63970 25352 87665 95511 93069 49517 7361 13083 41351 74112
30
89300 6506 91638 4667 9364 31489 81032 34154 36104 39875 73679 6141 13412 92538 34969 90636 16170 11956 62844 62760 6649 26814 4465 94314 22326 13886 60183 46039 26969 1535
30
20152 32621 24393 11790 37289 50109 59631 34673 84264 95735 74548 74295 1877 4313 66833 53198 94949 99355 65155 57793 78468 88156 960 82933 98823 23286 13171 75358 85677 40140
30
93245 22181 72761 33990 50323 10050 84100 9954 61075 68364 22042 35624 42659 23919 56289 25844 93469 51238 41551 74976 25383 20019 63133 26343 19304 61956 65981 32475 53666 68011
30
88967 46912 90192 61729 80902 56868 88131 65002 83174 49207 49718 5216 1183 92377 45487 57472 34573 38957 25062 76125 13933 66797 12496 93418 93141 48153 71726 75474 96980 25393
30
43485 85948 72305 50030 64029 69559 6898 52160 34562 6424 17719 84280 11641 18902 93010 73480 92726 27583 28789 34140 3708 42723 938 32557 52493 10431 80710 24220 85905 77690
30
49613 29391 63638 38270 79421 27667 7829 2671 96180 58743 9095 13899 43024 37088 49154 52386 10569 58232 79969 55710 92373 30 98433 9663 32587 67279 20094 29649 91499 22351
30
7339 57464 51742 87330 12086 47515 31349 19915 50186 43881 95011 75634 74133 54387 12722 23287 6773 39643 81519 86742 95354 90244 3124 10139 16259 52063 77418 36353 81712 85269
30
58705 5404 42733 26799 92734 54819 74315 40435 91087 40853 669 2450 16487 74802 56837 45562 98089 63610 85205 95960 66704 96911 2557 69829 23403 18816 21892 821 71522 3605
30
2443 46579 25361 61528 73378 34447 32700 64045 74882 23787 4899 75551 42589 21386 50353 99426 66948 64794 63036 68506 77107 46092 65417 79664 15921 88820 98480 54166 5994 86354
30
74123 8437 32933 99484 86317 6312 33931 19017 86709 25165 59156 91608 17069 1745 12995 67422 1171 96295 48569 80559 64801 25676 26652 46571 5340 58925 51743 20172 13091 74089
30
6527 3566 98878 55812 3050 85196 62124 53333 4213 65186 78499 63370 56794 95568 65115 86141 79342 82639 82437 44263 63198 63590 69939 6202 26513 91631 65128 78257 11804 94571
30
52346 34683 98138 51225 90495 17540 36421 68972 87226 40634 34158 65725 20356 90952 77645 85472 93446 73339 68111 75883 17603 47661 55825 87542 70216 82339 79174 35344 60596 7330
30
46267 29294 42013 60757 80519 48860 94650 33292 17832 81876 90279 51990 63953 10635 59295 41598 96107 52741 14937 80570 44976 32540 44584 801 20083 14800 99492 15609 66496 76440
30
22939 12763 5735 81304 89873 2606 30164 84523 52251 64349 82751 42530 16339 46704 53165 91986 88302 65625 61079 19591 62547 22407 68484 7131 39561 4919 21931 39053 20528 88427
30
15494 59819 17543 37581 41123 23768 40187 87639 24643 92438 51988 7394 51320 84680 54098 4486 93018 58752 86463 54098 94695 49010 76505 63179 56142 16066 68098 94425 71472 4978
30
82853 86966 64797 16748 24547 22272 40516 81086 9912 65159 89877 61900 72553 41197 62932 43003 62035 55951 18107 48498 10049 29154 13861 2906 92334 70003 35325 76784 64428 6797
30
81763 63633 10115 46560 80381 51014 85185 20897 32100 95097 2408 38329 73349 91313 95879 52634 34316 57914 8585 68775 22765 34986 97930 36626 37892 6616 6629 89569 99752 87409
30
96366 81515 67395 22833 44428 47776 73847 29613 85026 22300 41062 3786 60629 30763 95100 56508 83397 29416 30775 91982 14544 53540 43320 28826 6518 97565 51794 29499 87134 51546
30
16908 99853 33062 84303 22686 93842 48432 96534 39807 49810 18834 80869 53596 95815 27984 48696 52324 11382 94465 99451 19716 25361 69343 63037 54187 75861 60602 5981 5360 64088
30
73879 38620 63941 23293 22924 86628 17135 87708 83162 56942 53870 1996 54163 7466 97811 98500 72515 66487 26234 83332 82290 45950 8693 51633 25339 62880 27494 2293 85213 32854
30
66382 75444 71475 30323 98738 10751 16951 15873 14811 16465 89168 68681 34813 59683 92499 48977 74535 65014 15464 769 48346 14107 63072 73391 65740 88411 52623 9587 7057 37836
30
58793 73439 13281 46620 20114 28371 57371 53418 60596 88534 69883 49764 73567 4697 25800 66067 53674 335 47433 85490 17457 12132 15949 80529 85523 81690 85292 38147 7629 92349
30
92335 66422 82140 21968 13043 2255 50339 86766 72025 10936 91653 58260 77052 65220 62957 19204 31287 32983 19540 78721 34826 36997 7205 67127 33878 92728 65169 19170 47227 72798
30
11520 39563 39221 93660 77883 68616 12267 28223 55382 84292 55511 47035 42553 32563 28608 21862 51768 59895 71198 87660 54968 22376 41009 62173 89503 74887 71254 54673 94057 18481
30
43823 21929 74396 83044 31942 52280 68012 44209 96855 39747 44854 52366 3134 3759 1281 31742 41973 69401 91638 13171 73413 62958 51899 14422 41484 57755 5661 29090 28780 16071
30
63923 72603 38000 38320 72000 69942 6952 40012 30504 3807 79759 75358 72525 82894 79117 90158 14636 21090 59560 22626 50614 32973 1937 18865 63748 43421 76620 69409 88863 5400
30
1832 52786 78004 39833 7458 66356 26127 14410 6368 56631 34569 86128 48341 23446 85374 27458 13605 10 64901 73165 38989 31867 22490 40926 50732 86238 699 43705 72000 89562
30
65457 73832 42348 43461 30017 49807 26169 72497 80569 32538 29128 15139 35018 77470 38585 20392 21280 68542 36754 2533 41707 75743 34400 80550 33021 1485 66788 33720 45190 55140
30
39634 10647 45325 81983 70461 91694 48142 96630 64191 45063 45520 93320 76554 80538 87142 31492 930 8422 34 37685 27308 58094 29780 61708 38644 62802 79545 21784 96522 41087
30
76925 36157 51735 38602 34492 38548 30296 98986 51530 10840 44049 97051 20512 36956 77589 7654 68448 94872 32428 68482 32557 76088 26576 62337 37797 65220 25139 33694 87005 38014
30
74782 80282 90523 42869 35236 25015 81417 81884 40353 49299 92724 754 46350 13236 37710 40292 37242 6158 35164 86023 74641 67721 62111 17569 46410 16260 82790 87902 49955 86147
30
25916 41089 82781 16439 83958 18017 57806 65375 99901 14511 14674 8978 15265 77377 38566 52976 17669 92161 59134 52833 94536 50127 36906 72999 67697 83316 89260 66839 87570 55567
30
52986 13486 13008 35767 46277 96966 70136 20435 78693 70037 34946 9719 95367 50212 87096 33934 19540 21117 26095 78674 73950 20631 28802 27208 93630 12851 10525 99242 79690 14447
30
71161 32676 27934 84169 84795 90563 81135 54931 27351 76180 41320 62297 85900 36688 28861 72996 86974 48401 94114 13069 43428 84416 50052 88582 11625 43682 1433 38502 59277 81123
30
52949 46790 30151 97235 30960 14946 87799 28447 86229 31502 4628 27549 93799 90528 80589 39013 79876 67563 3766 73990 96984 47194 74759 47036 35776 86384 7071 37209 41238 82700
30
34684 10539 29490 64835 7775 60450 79781 11926 5250 82362 43428 9878 26264 53579 16758 6853 8944 96634 90769 12711 86977 4105 76257 61736 51142 12034 64472 74565 65595 5710
30
57265 16632 16249 3107 81467 40376 63558 77601 52302 85160 59963 12082 95038 86227 82014 11796 9433 90958 8430 16554 3669 95407 20659 79927 73495 71801 8313 37967 62718 90260
30
60029 36335 6892 92631 39443 4712 33007 19353 82313 1662 4513 58628 30096 99551 44856 12110 27699 70641 3069 52481 87195 23090 47889 7854 19369 37736 96008 27682 75704 58726
30
34295 35733 11414 41187 28364 50857 62251 77724 70210 44564 95738 74723 3193 25834 90626 64401 37945 18325 51394 57366 70806 38589 80456 35047 62795 99826 72784 58803 43860 64840
30
33882 78155 573 61648 35695 45290 12505 97946 39366 99067 58863 35104 73790 78408 77290 80768 59161 15235 99093 10555 72601 86251 49144 69410 37651 28291 85588 10435 3447 29448
30
75275 53681 23956 92200 15329 59651 53842 27834 73949 9560 26901 49164 44664 17043 27572 21955 97811 86733 53542 13256 13640 42496 15859 79136 28258 53510 7428 13846 80297 10875
30
43294 71924 64556 67250 64125 79885 43253 34319 24071 33555 43880 67324 82719 4896 84367 26644 43203 98530 29729 96746 11786 43370 55594 27645 38858 83852 97508 46286 97698 77805
30
73513 57344 49730 54421 40947 30207 50658 84200 80878 74729 34107 24758 42053 33179 46007 42772 76175 89210 41302 5904 2308 69440 65626 57902 97086 4485 58106 10946 67123 55804
30
88751 40637 29501 54833 11410 70448 1392 62069 71000 82271 53150 5108 23381 11556 38287 69388 54328 14462 74951 11983 36718 77259 81423 2345 51514 94861 23182 25972 5807 6657
30
98129 10911 47294 27630 65744 75057 98078 67137 37126 69078 65760 6628 74186 89141 18184 28825 74882 88865 59639 49833 848 96358 43444 98623 15055 11310 93485 54589 37283 15644
30
61246 35412 26555 24893 63042 92300 99950 61120 75789 53428 46550 41549 60056 20737 47042 78241 65914 21924 83458 25554 88109 658 38264 31554 99281 53319 59216 9118 24260 96499
30
24763 85506 48263 51318 10399 11305 59970 26701 88777 52111 80129 35328 10012 40186 72417 57055 34779 54683 78979 34589 80237 67089 35247 34853 14995 50880 4524 74211 59999 28784
30
70711 1114 30643 35326 68784 41042 46632 45107 84096 51761 97218 64225 3441 7231 20763 92210 64286 71894 46894 59617 22835 43483 43058 58082 78337 58053 25315 99213 48617 85314
30
27998 35680 2780 58641 71006 71564 16035 17638 33023 131 85752 30242 80709 5545 53825 17824 97756 34463 6071 61002 94080 28906 4485 53491 86989 99174 11544 28656 98388 60161
30
13970 42738 95841 33102 1379 66848 21018 33766 838 54042 50250 2942 84284 30959 8488 54461 65135 22596 88924 71206 83598 99356 113 4435 52847 3454 19962 80744 32110 34702
30
57257 62432 77440 69451 11886 95171 36299 32904 45289 53489 86946 95539 72784 87582 42850 81272 42043 7986 3868 47319 79192 3818 46676 95657 8253 15875 15463 28215 96619 63925
30
79269 53877 42709 56709 39680 54595 68232 92331 87500 13522 45820 74446 25413 34956 62029 68264 16228 20424 76250 36448 67744 71794 56618 30772 83804 64872 46647 99267 9439 59619
30
63193 88709 29848 22254 61770 69528 76850 46355 61859 64350 76229 24031 55148 1642 58988 17177 69906 91568 53954 62508 44369 21698 34303 987 52470 18107 82211 15469 33726 8003
30
91440 13271 13064 21288 35526 91186 90816 12376 37541 69027 93078 30122 93059 48226 31765 68399 65404 18023 59967 19358 80532 20688 57408 31187 21676 26230 49294 20239 58051 99372
30
28242 49492 12644 41306 70780 64522 32493 77949 76898 86386 63328 69976 16509 56387 18202 64626 41138 99958 82649 17458 35668 63181 38146 9428 10720 76174 35658 60014 96414 10062
30
75739 24656 59554 4735 82315 30334 69257 31160 24635 62507 17546 87964 32483 34055 60703 67037 15033 1842 83348 97683 19300 35368 77216 57446 61149 87937 33621 13159 64303 46387
30
23221 40042 71043 82775 44777 69710 29462 30386 870 54097 92893 18417 42061 41728 68824 19117 8766 83858 20959 8466 97893 40259 60186 75109 14057 21335 63046 64030 34495 43702
30
10417 57716 96 97813 40492 44874 67523 86306 75260 68394 40403 84506 3163 98817 26234 88339 17934 51352 88549 38893 59818 86442 95504 20005 77904 25913 57692 57302 89944 92187
30
1004 361 66256 1101 14526 6748 62327 82050 93054 53939 66796 49809 38445 86311 48626 64680 91002 82912 16032 79552 38157 92203 82346 33661 28560 60250 75927 86252 17553 65871
30
78440 18557 82584 61048 36010 97111 84148 98337 95513 93554 52277 78661 43363 7074 81324 8342 71754 72326 91254 4139 51878 45764 96342 34225 95777 24902 10827 71704 11154 28380
30
37575 5946 63290 20160 66994 99300 33623 51142 13990 45488 44696 82619 24149 4412 89693 21825 12754 61448 94151 20360 65587 62382 66124 61929 12959 61902 3183 23786 33606 14337
30
52167 87534 36636 31809 24046 3630 31109 57669 71125 61451 3157 32173 44070 43658 36585 33764 65483 49339 11564 75986 86052 93503 38368 52176 55432 51327 30430 74967 91466 64037
30
89304 43633 51571 42292 91794 75617 62275 39255 49638 33400 707 69147 65573 44777 29157 2159 94893 10992 67850 6457 86978 53902 99960 25347 22431 71744 93026 52861 46711 84492
30
16898 52368 44477 84821 94660 36271 76790 73287 91879 42780 6687 92586 28279 88613 37363 57436 7124 48609 68428 74974 55066 71759 45229 55027 13458 67660 26771 6484 36873 89835
30
7329 70124 42203 68158 54945 53215 20782 48088 26503 12661 90868 49542 5247 35500 38155 58962 92936 61631 7571 77717 52958 62638 49476 98187 34017 62934 82199 77140 85770 19072
30
83327 9451 89196 41882 77610 60494 95098 98392 8582 37953 11053 15802 3847 32652 67654 58355 91614 60591 19986 15538 54660 72944 94528 20488 87483 28545 83422 86034 22037 85544
30
5107 5365 94996 10655 47247 72606 71149 58697 87350 96083 13002 98403 28238 16850 31055 95892 75205 39021 72835 95191 70911 27495 84488 65439 47983 88323 10336 47757 74358 48726
30
33302 79465 54091 44650 90120 17690 33608 77622 76388 20958 90057 89390 19361 18295 6240 66768 30540 97797 22141 3375 9341 93053 47223 93829 74844 11558 82152 1533 59316 56510
30
50259 8970 52327 4350 69972 58800 22040 3580 52774 14780 24538 42831 4171 43899 77479 26763 27019 8019 24561 65512 27746 50254 74917 74969 44083 49762 86528 42587 51295 62196
30
15450 1554 71166 84129 22256 41138 42929 44296 44718 12055 75429 85608 54887 79600 29507 48718 22715 72878 56737 63628 38390 835 13882 13308 75805 74317 79422 78685 33257 47069
30
40881 48707 48623 28399 32836 70879 85889 92118 31527 30607 4173 6956 16215 75412 2908 62074 24130 41976 51304 97219 21956 6046 98055 35839 35706 90212 26508 15128 68897 59765
30
62197 26130 8472 27172 54529 57661 14403 40418 66131 62283 87377 86656 85591 19944 62069 4852 98370 2551 46828 66026 16123 68784 72072 30530 20975 7779 37094 47484 39259 5991
30
7249 17809 48473 32074 44981 3002 89735 75737 59772 55866 38020 63501 58874 23611 83445 20943 44815 98167 39847 91643 64193 72322 76780 52617 19204 14107 60396 56298 61591 16008
30
62289 85193 33817 10762 17267 95150 30116 23354 70887 6240 95572 25259 69741 54446 65223 69538 91742 10038 67705 31589 1682 48250 20263 94814 867 39467 8921 77616 95765 86865
30
93624 74406 72058 27441 1520 89325 22591 47988 12679 9831 54228 8251 35090 23969 62697 313 9859 70791 10352 93916 18732 28386 42166 38995 23200 59385 94814 48473 37001 90579
30
35338 46977 81337 7396 74418 82857 13073 13362 30845 42104 23193 1425 66707 74635 41746 29405 74949 51605 16548 1653 61873 35281 30039 4039 74276 69591 79777 69091 18064 33130
30
76022 69755 80108 57360 77151 54526 56569 6577 84240 87415 48681 7433 5192 15389 82069 46939 61146 73370 14896 77694 75023 76770 12975 21414 97161 3604 91005 76938 72695 25421
30
10069 65069 95176 90177 22429 88680 61055 78999 95257 45296 82766 43938 69081 87958 75679 67502 51249 36825 57224 66146 30872 32247 42916 43847 53661 40077 47451 61018 17016 36498
30
86440 43437 1568 81616 49966 40349 70296 11021 19348 81905 72669 18466 42196 41751 22777 17875 25605 74026 71053 82830 40172 1925 31429 83088 45772 1443 39518 9576 62461 72886
30
62426 48901 16323 63994 46870 66289 20696 33518 93662 56396 15424 66332 74863 57620 24435 97640 91847 66392 88018 62900 49222 44543 64825 97004 43983 26950 98447 83501 52878 60908
30
56387 15304 26162 89062 95651 73032 55351 16347 22902 65366 72743 38326 48050 63958 12298 88837 77950 20498 55229 65969 83398 20804 10512 64576 17808 70847 7878 16255 54349 77108
30
77163 10736 8764 19677 16151 4415 92709 87854 37114 15612 53220 26210 70290 1270 90168 98941 90107 84471 19439 61689 50440 19189 82493 77304 117 16653 48151 24347 32908 18852
30
1455 26423 45941 26572 46101 62092 47339 55162 49946 84454 87126 19519 27016 73769 20789 17184 72710 27249 1655 8501 5290 68447 44042 87783 62103 60512 20788 26607 1211 53696
30
61811 19019 96471 7752 45591 58924 86196 92930 14087 36143 93736 17565 55662 20752 91334 92803 54289 80396 36404 72296 88897 41694 57096 49292 45829 19199 26156 66617 62158 27367
30
36665 40322 46386 33137 48074 91977 92061 34271 84908 22500 86766 94996 40066 58780 15749 31400 67935 70038 11797 4340 42334 17046 62386 99430 82690 8216 34982 8846 91185 13492
30
36214 27851 53814 98952 77340 18241 90930 85753 68864 92190 8254 55630 87186 64672 30762 19287 96072 98697 89325 24221 19389 31660 57620 81776 47442 40310 89992 82424 65509 97529
30
12269 18075 25380 66083 17027 2720 84324 24309 88474 53188 16499 13080 25170 20038 77752 55932 39325 90176 70982 28651 14398 90371 76663 88370 72147 40457 45032 78491 39234 10541
30
76021 51503 28616 17753 33938 61996 36826 18263 86305 41652 87803 19157 54732 29326 39195 48836 85258 78520 39012 72592 23523 69762 62964 16538 58132 51463 73348 3165 46307 12582
30
30058 22328 80437 75027 56433 14375 37023 93259 48990 23328 34911 53146 42485 5995 82472 98032 54831 84082 92905 10196 56675 16428 79958 19639 49319 54443 87454 22667 73960 33761
30
51601 20370 72441 32038 95397 28875 46413 32420 38486 11756 72101 73398 64902 30938 95745 47374 45323 66929 31456 38228 77125 88131 71008 73435 24122 36679 44230 11577 59346 18190
30
61690 10947 54913 34132 59337 50310 63007 5751 99083 1493 17507 87536 91243 82409 34826 86989 46135 80149 53918 77591 18377 47395 65723 5738 20830 6197 42417 81413 17774 18116
30
15955 79465 45415 70868 29949 4753 21179 92956 26856 36614 10801 60715 24150 18397 59476 58976 21738 5611 39126 92008 83202 73855 39403 65277 79593 76585 71475 22011 57998 5601
30
40127 90306 1418 85542 61174 31367 6647 82353 24323 33503 18967 51477 94218 59469 86226 53694 18446 7964 59305 73924 99972 58860 47779 55727 24137 43725 48664 11964 65736 23015
30
17566 22215 13321 18984 24109 74495 50352 30757 73201 91027 64260 8520 58856 74831 67990 45082 28525 2788 53046 4183 76712 69370 63043 24491 41449 3532 68216 6466 15497 50304
30
29481 33063 88871 59154 68399 12981 50001 18751 60090 23202 26131 40702 48075 84987 15533 16065 30070 60411 35205 99468 80946 11917 85191 43989 52760 42992 63873 37329 49458 79370
30
87633 95291 28785 92857 70797 13537 22190 20799 32288 82280 60353 74771 39334 8428 59759 71220 40845 6181 47983 76050 22001 28929 4319 7192 89270 57080 66537 53143 94409 32347
30
48866 98394 27639 94003 7603 14788 7540 29793 35587 56181 28425 95941 30952 84112 20721 7063 55332 61567 13244 3315 53969 35246 32244 58289 58790 21514 31721 25327 91009 26130
30
57675 39875 40876 1666 50231 48480 16454 57771 94625 52042 30304 39403 64335 61257 23515 85056 84672 78847 62975 97917 98514 16945 33163 30758 91586 91953 68624 23307 17281 59633
30
65789 91308 15861 23017 92974 66092 87849 9428 40215 82475 77822 86872 38230 42157 64481 61745 43566 49153 40592 6541 47070 55458 39838 96585 86216 31424 88539 71192 71083 22172
30
47177 36872 29832 63038 76242 22806 45482 64091 48586 2050 62918 26409 88922 1148 84918 69755 79245 28484 18908 36189 51378 65979 91647 91216 62564 94215 38993 67455 65407 10076
30
5979 12585 63301 35811 91975 55895 74969 53810 19986 23556 72212 99257 66317 77486 16757 51235 47241 96003 96072 66149 32192 47450 48480 23840 55018 27397 18055 94011 11204 99815
30
20440 17184 12400 93 69347 20727 55988 44317 74537 75974 67873 63101 91583 34190 40587 8341 1777 87828 20696 14201 70330 52888 78003 18810 93080 33022 62559 11136 43385 73764
30
27303 80177 7300 56055 80270 76647 76782 36258 20964 67672 28585 88837 30773 20168 39379 71361 44861 57509 59189 65557 71710 29519 18446 66066 64682 27878 99088 27241 55366 58825
30
17357 82669 39003 24657 38724 35625 1305 15507 71884 22269 99531 469 27459 30304 36989 83190 1665 81851 57051 77207 47408 28762 23078 82206 94828 87760 10085 10268 31354 65451
30
85445 48711 48121 40800 73369 86845 76426 91026 18704 64662 13295 18235 65131 57106 48540 2120 56649 66557 323 13700 60116 47732 58814 83195 46290 53642 87307 56375 80262 35013
30
38179 82060 77 86300 22860 73446 89497 15638 80824 24554 80300 10471 42789 45431 67578 7681 63904 40579 90591 64227 54279 50707 28311 13094 50254 74602 83088 53914 47329 79703
30
5279 85508 61763 5356 88160 975 95154 94010 16614 75978 18564 96914 86450 61353 58698 70380 85387 38954 10959 75978 19533 65238 43037 47845 94684 9644 38799 77773 63558 86128
30
73828 68837 87989 35591 90546 76149 52918 85700 70159 69532 61679 88723 82799 48129 66429 41497 18509 51816 96803 45820 44146 16336 11058 87183 80533 22095 96827 19332 16220 76737
30
21813 90048 61927 9802 41991 52473 2303 94909 54525 72463 64442 16204 77538 63593 80685 60319 21442 15546 28487 18245 61366 72633 34581 88777 76169 15115 10872 89348 50799 27092
30
82438 72612 17140 44365 82414 59131 13190 1070 70392 67715 73533 51186 272 67423 14779 80957 44095 36221 96504 72582 70818 74222 61568 21752 62999 54089 53219 73871 59789 4018
30
17315 42227 92983 34455 2944 91749 9938 16134 92819 96683 202 82704 47869 474 50128 62649 97783 94223 15222 10639 83157 2393 84862 44725 24145 64213 15166 77364 54437 74956
30
97734 71752 17183 90717 22560 36480 82467 48850 68966 75286 45533 69168 57991 93403 85994 24471 72404 83778 35046 3978 94417 34555 6371 79279 95633 46868 43493 10799 40584 14282
30
85755 38319 86034 19291 45388 8594 55771 44207 73797 41089 19494 19330 10258 93837 29085 12604 34660 1489 96382 86058 21820 90800 20613 28191 86431 16246 91412 46276 27046 31996
30
60558 29153 86667 62945 48444 32056 87891 20567 76263 61688 78009 12109 81019 4619 22298 26456 17223 56958 44298 13606 43016 66118 20758 79982 10661 23541 96228 2073 69818 39626
30
34070 46728 68780 20737 9673 33576 69145 97565 70496 45409 59253 48505 73870 56624 53124 96169 99433 70347 53127 43731 305 12496 9849 21063 92478 20510 60957 5058 38936 30775
